Target :  [0 1 2 3 4 5 6 7 8 9 0 1 2 3 4 5]
Guess :  [0 1 8 2 2 0 9 8 0 7 8 6 8 8 6 8]
Target :  [6 7 8 9 0 1 2 3 4 5 6 7 8 9 0 1]
Guess :  [6 8 8 6 4 4 4 4 4 4 6 4 4 4 4 2]
Target :  [2 3 4 5 6 7 8 9 0 1 2 3 4 5 6 7]
Guess :  [0 4 4 4 4 4 9 0 4 6 4 6 4 2 8 4]
Target :  [8 9 0 1 2 3 4 5 6 7 8 9 0 1 2 3]
Guess :  [6 2 8 8 6 6 4 6 6 4 6 8 6 4 4 4]
Target :  [4 5 6 7 8 9 0 1 2 3 4 5 6 7 8 9]
Guess :  [4 4 4 4 4 4 6 4 6 4 4 6 6 4 6 6]
Target :  [0 1 2 3 4 5 6 7 8 9 0 1 2 3 4 5]
Guess :  [4 0 0 0 6 0 4 4 9 6 0 8 2 8 8 4]
Target :  [6 7 8 9 0 1 2 3 4 5 6 7 8 9 0 1]
Guess :  [0 9 8 8 7 6 0 3 6 6 6 6 8 6 6 6]
Target :  [2 3 4 5 6 7 8 9 0 1 2 3 4 5 6 7]
Guess :  [2 0 2 6 4 0 4 6 7 4 6 4 6 6 4 6]
Target :  [8 9 0 1 2 3 4 5 6 7 8 9 0 1 2 3]
Guess :  [4 4 2 8 4 2 1 0 4 4 4 4 4 0 0 0]
Target :  [4 5 6 7 8 9 0 1 2 3 4 5 6 7 8 9]
Guess :  [3 8 2 8 8 0 8 0 8 9 8 8 0 0 8 0]
Target :  [0 1 2 3 4 5 6 7 8 9 0 1 2 3 4 5]
Guess :  [9 8 4 4 4 7 2 9 8 9 4 9 5 1 6 2]
Target :  [6 7 8 9 0 1 2 3 4 5 6 7 8 9 0 1]
Guess :  [2 6 8 2 9 0 6 6 8 8 6 6 8 6 9 9]
Target :  [2 3 4 5 6 7 8 9]
Guess :  [0 0 0 0 6 4 4 6]

Demistify accuracy is : 0.1450
